6 0.627083 0.642130 0.100000 0.137963
6 0.231771 0.832407 0.141667 0.175926
5 0.392188 0.772222 0.135417 0.307407
5 0.497656 0.673611 0.111979 0.313889
2 0.293490 0.633796 0.093229 0.234259
2 0.500521 0.465741 0.079167 0.100000
3 0.606250 0.446759 0.051042 0.239815
3 0.622656 0.197685 0.071354 0.256481
3 0.420052 0.392130 0.055729 0.247222
0 0.494531 0.303704 0.061979 0.205556
8 0.076563 0.534259 0.125000 0.201852
5 0.163542 0.433796 0.083333 0.186111
7 0.746615 0.844907 0.284896 0.149074
1 0.943490 0.491204 0.097396 0.247222
