0 0.477865 0.343981 0.054688 0.200926
0 0.412240 0.180093 0.070312 0.191667
3 0.406510 0.420833 0.058854 0.245370
3 0.585156 0.480093 0.053646 0.243519
1 0.911458 0.536574 0.060417 0.206481
5 0.387240 0.771759 0.118229 0.284259
5 0.163281 0.434259 0.074479 0.168519
5 0.484896 0.683796 0.096875 0.265741
6 0.604427 0.676389 0.100521 0.152778
6 0.220312 0.853241 0.123958 0.175000
2 0.297917 0.656019 0.086458 0.221296
7 0.701823 0.843056 0.291146 0.173148
8 0.073958 0.525000 0.112500 0.181481
9 0.939063 0.868056 0.113542 0.078704
