1 0.872396 0.447222 0.072917 0.225926
5 0.353125 0.662963 0.107292 0.309259
5 0.139583 0.362037 0.072917 0.185185
5 0.456510 0.571759 0.079687 0.263889
2 0.260677 0.524537 0.081771 0.200926
2 0.458333 0.389815 0.087500 0.072222
3 0.382552 0.343519 0.057813 0.253704
3 0.549740 0.382870 0.059896 0.187963
0 0.447396 0.249537 0.042708 0.134259
6 0.565104 0.559722 0.075000 0.143519
6 0.209635 0.732870 0.122396 0.197222
8 0.040625 0.438889 0.069792 0.146296
8 0.681510 0.761574 0.243229 0.150926
9 0.909635 0.721759 0.178646 0.082407
