0 0.400521 0.290741 0.055208 0.296296
0 0.461198 0.500000 0.031771 0.218519
0 0.708594 0.508333 0.046354 0.135185
3 0.606510 0.377315 0.082812 0.393519
3 0.586719 0.677778 0.072396 0.233333
3 0.400781 0.598611 0.048438 0.263889
1 0.913021 0.690741 0.054167 0.190741
6 0.613542 0.870370 0.101042 0.146296
5 0.136458 0.643981 0.078125 0.187963
5 0.480990 0.849537 0.098437 0.139815
2 0.486198 0.706944 0.081771 0.136111
2 0.267969 0.713889 0.091146 0.109259
2 0.288021 0.856481 0.108333 0.146296
8 0.067187 0.775463 0.129167 0.204630
